SCD 1                   
1 22490U 93009B   16169.95285894  .00000251  00000-0  19225-4 0  9992
2 22490  24.9708  26.7606 0043253  90.1134  41.2353 14.44442377232602
TECHSAT 1B (GO-32)      
1 25397U 98043D   16170.40580853 -.00000013  00000-0  13278-4 0  9998
2 25397  98.5670 115.3157 0001432  30.6114 329.5148 14.23596306932039
SCD 2                   
1 25504U 98060A   16169.58114439  .00000244  00000-0  17983-4 0  9999
2 25504  24.9946 229.9173 0017415 125.0230  26.5857 14.43967940932189
LANDSAT 7               
1 25682U 99020A   16170.17728554  .00000194  00000-0  53120-4 0  9996
2 25682  98.2126 240.5657 0001252  70.9069 289.2302 14.57110213913580
DLR-TUBSAT              
1 25757U 99029B   16170.21187986  .00000045  00000-0  22936-4 0  9997
2 25757  98.4289  75.6318 0014062 337.9825  22.0762 14.51332341903679
QUIKSCAT                
1 25789U 99034A   16169.92324009  .00000005  00000-0  20057-4 0  9991
2 25789  98.6084 358.2369 0001690  61.9121 298.2230 14.27250345885235
TERRA                   
1 25994U 99068A   16170.25696608  .00000086  00000-0  29228-4 0  9999
2 25994  98.2095 244.5396 0001560  97.1187 263.0182 14.57108540877674
EO-1                    
1 26619U 00075A   16170.52736779 -.00000148  00000-0 -19448-4 0  9992
2 26619  97.8765 210.1342 0010296 174.0250 186.1135 14.64269672830315
EROS A1                 
1 26631U 00079A   16170.56695896  .00479978  10158-3  96034-3 0  9990
2 26631  97.5441 288.2456 0005533 232.1561 189.3850 15.99768909863779
MAROC-TUBSAT            
1 27004U 01056D   16169.91868049 -.00000032  00000-0  11969-4 0  9999
2 27004  99.3018 314.9053 0019531 201.2892 331.6705 13.70115878726161
AQUA                    
1 27424U 02022A   16170.23321509  .00000177  00000-0  49337-4 0  9990
2 27424  98.1994 110.7589 0001759 112.9603  24.3437 14.57123468751272
IRS-P6 (RESOURCESAT-1)  
1 28051U 03046A   16170.40521620 -.00000003  00000-0  18255-4 0  9993
2 28051  98.6589 247.5775 0002992 321.6948  38.4018 14.21656420657592
TANSUO 1 (TS 1)         
1 28220U 04012A   16169.89015146  .00001266  00000-0  11021-3 0  9991
2 28220  97.6470 125.6904 0007968 292.7638  67.2742 14.98668831661727
FORMOSAT-2 (ROCSAT 2)   
1 28254U 04018A   16170.42538345  .00000106  00000-0  10000-3 0  9994
2 28254  98.9348 233.6883 0002871  96.9523 320.5698 14.00734986617671
AURA                    
1 28376U 04026A   16169.93787300  .00000168  00000-0  47319-4 0  9991
2 28376  98.1989 112.6298 0001627  86.0165 274.1220 14.57119963634235
IRS-P5 (CARTOSAT-1)     
1 28649U 05017A   16170.38708265  .00000240  00000-0  35737-4 0  9991
2 28649  97.8982 243.6485 0002797 121.7390 238.4099 14.83432565602042
SINAH 1                 
1 28893U 05043D   16170.45221412  .00000064  00000-0  21906-4 0  9990
2 28893  97.8374 340.8498 0014424 215.8904 144.1330 14.61375690567321
EROS B                  
1 29079U 06014A   16170.36310071  .00003469  00000-0  16069-3 0  9991
2 29079  97.4949 289.1152 0007449 216.1794 229.1840 15.20750378562763
RESURS-DK 1             
1 29228U 06021A   16170.44557683  .00000274  00000-0  28339-4 0  9991
2 29228  69.9378 303.3596 0006056 203.6180 212.7666 15.01925815553485
ARIRANG-2 (KOMPSAT-2)   
1 29268U 06031A   16170.40668284  .00000123  00000-0  33662-4 0  9990
2 29268  98.1325  69.9682 0019600  68.0459 292.2800 14.62161983527834
LAPAN-TUBSAT            
1 29709U 07001A   16170.41147186  .00000110  00000-0  20186-4 0  9995
2 29709  97.6597 153.8150 0012020 197.3917 162.6895 14.81966360510105
CARTOSAT-2 (IRS-P7)     
1 29710U 07001B   16170.39584396  .00000095  00000-0  20028-4 0  9999
2 29710  97.9754 229.7788 0001013 164.4577 195.6682 14.78668009509431
HAIYANG-1B              
1 31113U 07010A   16170.40653707  .00000051  00000-0  36487-4 0  9992
2 31113  98.6097 224.3463 0013523 189.2904 170.8037 14.30136033479472
COSMO-SKYMED 1          
1 31598U 07023A   16170.42794838  .00000400  00000-0  56732-4 0  9999
2 31598  97.8747 353.8060 0001532  88.7702 271.3692 14.82163108488563
TERRASAR-X              
1 31698U 07026A   16170.47246075 -.00001478  00000-0 -67192-4 0  9993
2 31698  97.4463 177.3186 0001716  79.2959  84.4990 15.19147329499650
WORLDVIEW-1 (WV-1)      
1 32060U 07041A   16170.53214727 -.00000711  00000-0 -26123-4 0  9998
2 32060  97.8056 288.5782 0002369  81.9711 340.9208 15.24122217486859
YAOGAN 3                
1 32289U 07055A   16170.42397335  .00000114  00000-0  21726-4 0  9990
2 32289  97.9851 167.5835 0001833  82.7644 277.3793 14.80706159464908
COSMO-SKYMED 2          
1 32376U 07059A   16170.46166774 -.00000167  00000-0 -14426-4 0  9995
2 32376  97.8747 353.8400 0001552  85.3802 274.7613 14.82166053461318
RADARSAT-2              
1 32382U 07061A   16170.40521451 -.00000023  00000-0  79221-5 0  9991
2 32382  98.5759 177.3118 0001264  89.2342  37.9445 14.29984420444302
CARTOSAT-2A             
1 32783U 08021A   16170.50856409 -.00006542  00000-0 -88591-3 0  9999
2 32783  97.9764 229.9076 0014290  55.5508 304.7118 14.78623399439390
JASON 2 (OSTM)          
1 33105U 08032A   16169.94728567 -.00000049  00000-0  51057-4 0  9992
2 33105  66.0395 158.3340 0008342 270.5084 116.6314 12.80929752373886
RAPIDEYE 2              
1 33312U 08040A   16170.38550835  .00000087  00000-0  18311-4 0  9999
2 33312  97.8516 254.2482 0014015  93.3943 266.8873 14.79922326421562
RAPIDEYE 5              
1 33313U 08040B   16170.40889926  .00000119  00000-0  22544-4 0  9998
2 33313  97.8378 252.0161 0015878 331.7761  28.2588 14.79928964421516
RAPIDEYE 1              
1 33314U 08040C   16170.39714036  .00000126  00000-0  23436-4 0  9995
2 33314  97.8473 253.8566 0025528 106.4245 253.9776 14.79930903421554
RAPIDEYE 3              
1 33315U 08040D   16170.43460125  .00000076  00000-0  16816-4 0  9996
2 33315  97.8352 251.6791 0012899  48.0500 312.1807 14.79930479421527
RAPIDEYE 4              
1 33316U 08040E   16170.42058433  .00000107  00000-0  21007-4 0  9994
2 33316  97.8329 251.2038 0011249 355.3754   4.7351 14.79930507421514
HUANJING 1A (HJ-1A)     
1 33320U 08041A   16170.44631920  .00000265  00000-0  45193-4 0  9997
2 33320  97.9829 234.2502 0027555 116.1337 244.2710 14.76604847419103
HUANJING 1B (HJ-1B)     
1 33321U 08041B   16170.40186020  .00000249  00000-0  42763-4 0  9992
2 33321  97.9867 235.1666 0035882 132.3315 228.0943 14.76666624419081
GEOEYE 1                
1 33331U 08042A   16170.20652892  .00000041  00000-0  16799-4 0  9997
2 33331  98.1134 244.1325 0009266 335.9669  24.1113 14.64145766415844
THEOS                   
1 33396U 08049A   16170.44255938  .00000113  00000-0  73881-4 0  9996
2 33396  98.7243 237.6680 0001309  86.7626 330.0168 14.20033292399850
COSMO-SKYMED 3          
1 33412U 08054A   16170.44904385 -.00000200  00000-0 -18583-4 0  9995
2 33412  97.8749 353.8276 0001511  93.4111 266.7278 14.82162132413770
YAOGAN 4                
1 33446U 08061A   16170.46670189 -.00000009  00000-0  55226-5 0  9996
2 33446  97.5866 183.2166 0017142  50.3076 309.9654 14.76380502406356
GOSAT (IBUKI)           
1 33492U 09002A   16170.40759461 -.00000149  00000-0 -17823-4 0  9994
2 33492  98.0979 279.6379 0001334  71.5979 288.5371 14.67532488396478
YAOGAN 6                
1 34839U 09021A   16170.11392641  .00001207  00000-0  50762-4 0  9995
2 34839  97.1947 229.8042 0029394 168.5731 247.2659 15.24884502397093
DEIMOS-1                
1 35681U 09041A   16170.43773972  .00000178  00000-0  36468-4 0  9991
2 35681  97.9924  64.1305 0002888  65.9659 294.1844 14.71575494369647
DUBAISAT-1              
1 35682U 09041B   16170.44070146  .00000187  00000-0  40250-4 0  9990
2 35682  97.8494  40.7089 0010334 230.7503 129.2784 14.68465569368820
OCEANSAT 2              
1 35931U 09051A   16170.23341155  .00000120  00000-0  41755-4 0  9994
2 35931  98.3150 263.2249 0001781 190.0197 170.0962 14.50833665356685
WORLDVIEW-2 (WV-2)      
1 35946U 09055A   16170.17830943 -.00000071  00000-0 -89316-5 0  9998
2 35946  98.5412 243.4116 0001592  69.4869 290.6530 14.37718507351207
SMOS                    
1 36036U 09059A   16170.13388902  .00000069  00000-0  36039-4 0  9990
2 36036  98.4449 357.0144 0001323  96.2189 263.9150 14.39742985348223
YAOGAN 7                
1 36110U 09069A   16170.42354289 -.00000490  00000-0 -64251-4 0  9994
2 36110  98.1663 318.8564 0023681 192.9936 167.0678 14.75261814351250
TANDEM-X                
1 36605U 10030A   16169.78383213  .00000467  00000-0  25408-4 0  9992
2 36605  97.4457 176.6489 0001245  88.8254 271.3123 15.19152399332299
CARTOSAT 2B             
1 36795U 10035A   16170.41100062  .00000188  00000-0  32695-4 0  9994
2 36795  97.9742 229.7742 0015518 122.6449 237.6266 14.78659525320426
YAOGAN 10               
1 36834U 10038A   16170.38155496  .00000138  00000-0  24690-4 0  9999
2 36834  97.9112 165.2121 0001905  71.9087 288.2334 14.80718321316645
COSMO-SKYMED 4          
1 37216U 10060A   16170.47851447  .00000786  00000-0  10518-3 0  9990
2 37216  97.8751 353.8565 0001583  78.7928 281.3433 14.82177068303869
HAIYANG 2A              
1 37781U 11043A   16169.92468729 -.00000104  00000-0 -59472-4 0  9993
2 37781  99.3371 180.7322 0000491 132.1152 228.0066 13.78713492243785
RASAT                   
1 37791U 11044D   16170.39363230  .00000075  00000-0  23175-4 0  9995
2 37791  98.1473 260.2099 0021722 182.2381 177.8728 14.64531136258524
MEGHA-TROPIQUES         
1 37838U 11058A   16169.43375331  .00000311  00000-0  26974-4 0  9993
2 37838  19.9761 187.3169 0009879  23.3733 336.7119 14.09692439241579
SRMSAT                  
1 37841U 11058D   16170.17640891  .00000319  00000-0  30141-4 0  9995
2 37841  19.9704 171.7746 0012007  43.7989  30.3092 14.10542613241829
YAOGAN 13               
1 37941U 11072A   16170.39243076  .00001783  00000-0  91419-4 0  9991
2 37941  97.4692  96.7051 0004494 123.2824 351.3962 15.17834977252475
PLEIADES 1A             
1 38012U 11076F   16170.41181514  .00000060  00000-0  22644-4 0  9997
2 38012  98.1997 244.7233 0001367  71.5166 288.6185 14.58554902239833
ZIYUAN 1-02C (ZY 1-02C) 
1 38038U 11079A   16170.41085402 -.00000668  00000-0 -21782-3 0  9994
2 38038  98.3889 239.2563 0001835  97.6272 262.5086 14.35423307235314
ZIYUAN 3 (ZY 3)         
1 38046U 12001A   16170.45555763  .00001471  00000-0  68748-4 0  9990
2 38046  97.3284 241.3648 0002708 112.1609 303.5852 15.21324180246657
RISAT 1                 
1 38248U 12017A   16170.37527649  .00000792  00000-0  54114-4 0  9991
2 38248  97.5621 176.9965 0004067 191.1370 278.9043 15.08956266228372
ARIRANG-3 (KOMPSAT-3)   
1 38338U 12025B   16170.38583955  .00000099  00000-0  29408-4 0  9991
2 38338  98.1626 107.3917 0010938  36.6990 323.4956 14.61418017218041
KANOPUS-V 1             
1 38707U 12039A   16170.44388014  .00000655  00000-0  33787-4 0  9995
2 38707  97.4524  86.9335 0001712  74.1478  61.1218 15.19760165216801
EXACTVIEW-1 (ADS-1B)    
1 38709U 12039C   16170.41966107  .00000025  00000-0  31571-4 0  9999
2 38709  99.0479 129.3583 0010260 210.9572 149.1003 14.23888603203065
SPOT 6                  
1 38755U 12047A   16170.42845357  .00000048  00000-0  20181-4 0  9993
2 38755  98.1845 237.4549 0001689  78.5174 281.6218 14.58565443200910
PLEIADES 1B             
1 39019U 12068A   16170.44611144  .00000053  00000-0  21330-4 0  9990
2 39019  98.2020 244.7881 0001360  80.6513 279.4841 14.58555039188694
GOKTURK 2               
1 39030U 12073A   16170.50533875 -.00000430  00000-0 -64972-4 0  9990
2 39030  98.0343  63.3224 0011376 233.8134 126.2020 14.68979661187091
LANDSAT 8               
1 39084U 13008A   16170.20964279  .00000087  00000-0  29381-4 0  9992
2 39084  98.2237 239.8994 0001319  92.2425 267.8925 14.57099846178052
SARAL                   
1 39086U 13009A   16170.48658413  .00000030  00000-0  27207-4 0  9998
2 39086  98.5412 357.7694 0001127  52.9413 307.1874 14.32264590173055
GAOFEN 1                
1 39150U 13018A   16170.40013829  .00000112  00000-0  23483-4 0  9991
2 39150  97.9762 253.0967 0019300 144.3695 215.8809 14.76485543169564
VNREDSAT 1              
1 39160U 13021B   16170.39682475  .00000115  00000-0  31551-4 0  9991
2 39160  98.1164 246.8365 0001614  82.7103 277.4283 14.62929287166418
ARIRANG-5 (KOMPSAT-5)   
1 39227U 13042A   16170.40360843  .00001155  00000-0  86744-4 0  9991
2 39227  97.6047 355.0856 0000854  92.0211 353.6140 15.04536440154994
YAOGAN 18               
1 39363U 13059A   16170.47426281  .00001503  00000-0  77371-4 0  9999
2 39363  97.4343 240.3446 0002170 111.7068  16.6168 15.17928051146146
SKYSAT-1                
1 39418U 13066C   16170.18207072  .00001154  00000-0  10181-3 0  9998
2 39418  97.7261 251.3831 0023289  67.1735 293.1967 14.98180339140575
DUBAISAT-2              
1 39419U 13066D   16170.39024036  .00000629  00000-0  65308-4 0  9997
2 39419  97.7162 244.6550 0015499  43.8757 316.3670 14.93334422140206
GPM-CORE                
1 39574U 14009C   16170.51761327  .00006844  00000-0  10307-3 0  9995
2 39574  65.0124  76.5090 0010907 280.8774  79.1144 15.55628871130950
SENTINEL-1A             
1 39634U 14016A   16170.35008988 -.00000024  00000-0  47021-5 0  9999
2 39634  98.1823 177.1849 0001372  77.0066 283.1290 14.59197763117639
KAZEOSAT 1              
1 39731U 14024A   16170.40836746  .00000016  00000-0  18111-4 0  9990
2 39731  98.4512 247.7644 0001527  80.0232 280.1129 14.42000569112466
ALOS-2                  
1 39766U 14029A   16170.38553559  .00000123  00000-0  23343-4 0  9990
2 39766  97.9217 266.9420 0001518  81.7834 278.3585 14.79472158111811
KAZEOSAT 2              
1 40010U 14033A   16170.35898766  .00000099  00000-0  19207-4 0  9994
2 40010  97.9238  70.3877 0017868  25.4300 334.7783 14.82057558108055
HODOYOSHI-4             
1 40011U 14033B   16170.41177067  .00000230  00000-0  36615-4 0  9995
2 40011  97.9190  68.0167 0027721  15.8781 344.3283 14.80696685107929
DEIMOS-2                
1 40013U 14033D   16170.39877961  .00000397  00000-0  53345-4 0  9997
2 40013  97.9095  71.8103 0002796  71.6945 288.4545 14.84658759108221
HODOYOSHI-3             
1 40015U 14033F   16170.53265465  .00000247  00000-0  41097-4 0  9990
2 40015  97.9129  64.9367 0037685  15.4705 344.7648 14.78065963107750
SPOT 7                  
1 40053U 14034A   16170.46217960 -.00000046  00000-0  00000+0 0  9994
2 40053  98.1988 237.3412 0001229  90.3023 269.8320 14.58560592104853
SKYSAT-2                
1 40072U 14037D   16170.48987759  .00000166  00000-0  28961-4 0  9993
2 40072  98.3284 261.5372 0006977 130.2930 229.8891 14.80842062105158
WORLDVIEW-3 (WV-3)      
1 40115U 14048A   16170.40562967  .00000223  00000-0  32401-4 0  9993
2 40115  97.9009 248.4200 0001958  59.3487 300.7922 14.85140201100129
YAOGAN 21               
1 40143U 14053A   16170.45136971  .00002104  00000-0  87725-4 0  9996
2 40143  97.3495 245.1288 0013662  46.0460  84.2383 15.24721514 98972
YAOGAN 22               
1 40275U 14063A   16170.47436156 -.00000044  00000-0  00000+0 0  9991
2 40275 100.3820 284.5557 0006359 175.0593 185.0584 13.15310463 79827
ASNARO                  
1 40298U 14070A   16170.45274453  .00002412  00000-0  11664-3 0  9994
2 40298  97.4336 252.5555 0001818  68.6822 347.6565 15.19552979 89620
HODOYOSHI-1             
1 40299U 14070B   16170.44205038  .00001302  00000-0  61194-4 0  9998
2 40299  97.4297 252.3044 0012087 290.4849 129.9638 15.21335336 89623
CHUBUSAT-1              
1 40300U 14070C   16170.45614672  .00001512  00000-0  73426-4 0  9994
2 40300  97.4252 250.5449 0019754 296.8189 119.1986 15.19845847 89527
QSAT-EOS                
1 40301U 14070D   16170.41010741  .00002851  00000-0  13006-3 0  9992
2 40301  97.4196 249.8348 0027669 295.2137 129.8611 15.21119889 89496
TSUBAME                 
1 40302U 14070E   16170.42147082  .00001293  00000-0  70948-4 0  9991
2 40302  97.4152 245.8289 0039637 308.1659 112.2864 15.15300352 89249
YAOGAN 23               
1 40305U 14071A   16170.42739243  .00001765  00000-0  90127-4 0  9996
2 40305  97.3932 109.9508 0001626 107.7448   7.3331 15.17976940 88243
YAOGAN 24               
1 40310U 14072A   16170.43336924  .00000167  00000-0  31031-4 0  9997
2 40310  97.9669 288.4260 0017439 157.5360 202.6625 14.76986614 85027
CBERS-4                 
1 40336U 14079A   16170.42208919  .00000004  00000-0  16443-4 0  9993
2 40336  98.4902 245.5955 0001713  76.0641 284.0734 14.35442041 80229
RESURS P2               
1 40360U 14087A   16170.45416817  .00001845  00000-0  62109-4 0  9994
2 40360  97.2826 264.2509 0004564 223.1825 201.0762 15.32024890 82696
YAOGAN 26               
1 40362U 14088A   16170.42882733  .00002660  00000-0  10408-3 0  9998
2 40362  97.3867 248.0956 0003552  94.9857  35.7539 15.26702081 82260
SMAP                    
1 40376U 15003A   16170.49170288  .00000106  00000-0  29605-4 0  9996
2 40376  98.1213 177.5413 0000703  63.1137 297.0139 14.63354160 73706
KOMPSAT 3A              
1 40536U 15014A   16170.40200958  .00000644  00000-0  41246-4 0  9997
2 40536  97.5554 109.9145 0010179 152.5230 320.2509 15.12004196 68071
SENTINEL-2A             
1 40697U 15028A   16169.84389908 -.00000048  00000-0 -17140-5 0  9996
2 40697  98.5676 244.0492 0001255  96.6992 263.4301 14.30821153 51595
CARBONITE 1 (CBNT-1)    
1 40718U 15032D   16169.80114110  .00000056  00000-0  16165-4 0  9994
2 40718  98.0117  60.8366 0015742 223.8144 136.1828 14.74425840 50553
YAOGAN 27               
1 40878U 15040A   16170.43597530 -.00000045  00000-0  00000+0 0  9997
2 40878 100.4490 230.6435 0007885 323.9305  36.1284 13.15948485 38972
LAPAN-A2                
1 40931U 15052B   16170.29497258  .00000728  00000-0  12526-4 0  9998
2 40931   6.0012 307.1918 0012462 136.2416 223.8744 14.76464956 39098
YAOGAN 28               
1 41026U 15064A   16170.39496792  .00002705  00000-0  94790-4 0  9990
2 41026  97.2713 298.7868 0008877 163.1965 282.5049 15.30292475 34121
YAOGAN 29               
1 41038U 15069A   16170.41161609  .00000099  00000-0  19752-4 0  9996
2 41038  97.8601 153.2297 0001453  57.9651 302.1704 14.80314515 30264
JASON-3                 
1 41240U 16002A   16170.09848861  .00000169  00000-0  10000-2 0  9998
2 41240  66.0388 158.3607 0008326 268.8745  91.1311 12.80930215 19516
SENTINEL-3A             
1 41335U 16011A   16170.39539951 -.00000044  00000-0  00000+0 0  9992
2 41335  98.6265 237.0351 0001351  88.0074 272.1283 14.26735218 17486
SENTINEL-1B             
1 41456U 16025A   16170.38389148  .00002841  00000-0  61211-3 0  9992
2 41456  98.1840 177.0448 0001613  97.2533 262.8911 14.59195227  7802
ZIYUAN 3-2              
1 41556U 16033A   16170.37615235  .00001697  00000-0  77609-4 0  9997
2 41556  97.5016 243.4910 0004489 133.1497 355.8246 15.21926930  2932
NUSAT 1 (FRESCO)        
1 41557U 16033B   16170.42649895  .00002820  00000-0  11464-3 0  9998
2 41557  97.4992 243.5728 0013923 203.8457 285.0555 15.25317004  2945
NUSAT 2 (BATATA)        
1 41558U 16033C   16170.42828259  .00002804  00000-0  11452-3 0  9991
2 41558  97.5014 243.5747 0013498 201.9584 286.9541 15.25176101  2946
