METEOSAT-7              
1 24932U 97049B   16168.21637044  .00000045  00000-0  00000+0 0  9996
2 24932  10.1996  40.6640 0000728 128.0259 231.9203  1.00277556 68795
NOAA 15                 
1 25338U 98030A   16170.48594041  .00000091  00000-0  57012-4 0  9990
2 25338  98.7825 174.6379 0010663 175.9923 184.1344 14.25734136941174
METEOSAT-8 (MSG-1)      
1 27509U 02040B   16170.12295025  .00000019  00000-0  00000+0 0  9999
2 27509   4.2051  59.7521 0000125 124.5563 130.4211  1.00271169 50644
KALPANA-1 (METSAT 1)    
1 27525U 02043A   16169.21556410 -.00000084  00000-0  00000+0 0  9999
2 27525   5.7338  57.7238 0011925 222.6327 137.0818  1.00271390 50425
INSAT-3A                
1 27714U 03013A   16169.99945293 -.00000256  00000-0  00000+0 0  9994
2 27714   0.0184 277.3423 0008056 162.8887 279.7455  1.00272883 48342
NOAA 18                 
1 28654U 05018A   16170.47953435  .00000004  00000-0  27602-4 0  9999
2 28654  99.1968 177.4442 0014577  15.9676 344.1951 14.12288899570917
METEOSAT-9 (MSG-2)      
1 28912U 05049B   16170.21271822  .00000065  00000-0  00000+0 0  9990
2 28912   1.5024  68.2225 0000368 201.4245  83.1728  1.00277088 38469
MTSAT-2                 
1 28937U 06004A   16169.69524056 -.00000241  00000-0  00000+0 0  9996
2 28937   0.0637 104.4311 0003529 343.1452 214.0717  1.00270083 37735
FORMOSAT-3 FM6          
1 29047U 06011A   16170.47981316  .00000063  00000-0  41042-4 0  9998
2 29047  71.9787 209.2632 0048983  58.2448 302.3447 14.28513898532833
FORMOSAT-3 FM1          
1 29048U 06011B   16169.88616405  .00000046  00000-0  34547-4 0  9999
2 29048  71.9676 123.0199 0043772  13.1469   4.6048 14.28453202535223
FORMOSAT-3 FM5          
1 29049U 06011C   16169.80868690  .00000078  00000-0  47006-4 0  9996
2 29049  72.0207 286.5716 0033963  53.8529 306.5742 14.28480834530990
FORMOSAT-3 FM3          
1 29050U 06011D   16170.20952754  .00000220  00000-0  57270-4 0  9992
2 29050  72.0156 220.3665 0048358  98.0980 262.5663 14.58317730543501
FORMOSAT-3 FM4          
1 29051U 06011E   16169.48540553  .00000151  00000-0  74767-4 0  9994
2 29051  72.0047 191.9455 0070232 290.3993  68.9609 14.28497635533538
FORMOSAT-3 FM2          
1 29052U 06011F   16169.79220884  .00000054  00000-0  37523-4 0  9992
2 29052  72.0350 261.2014 0040088  16.7352 343.5097 14.28590333531072
GOES 13                 
1 29155U 06018A   16169.46820327 -.00000249  00000-0  00000+0 0  9997
2 29155   0.1887 268.8615 0006449 174.2669 276.9492  1.00269424 36907
METOP-A                 
1 29499U 06044A   16170.53590998  .00000022  00000-0  30047-4 0  9992
2 29499  98.6956 229.4834 0002277 118.0528 349.9087 14.21494715501478
FENGYUN 2D              
1 29640U 06053A   16169.75798296 -.00000360  00000-0  10000-3 0  9995
2 29640   3.7814  66.2803 0001519 218.5643  18.0312  1.00278587 34949
FENGYUN 3A              
1 32958U 08026A   16170.39516197 -.00000009  00000-0  15367-4 0  9995
2 32958  98.4523 210.3880 0008377 255.3224 104.7025 14.19621171417723
FENGYUN 2E              
1 33463U 08066A   16168.19565001  .00000000  00000-0  10000-3 0  9992
2 33463   1.5059  62.8267 0003017 187.3178 171.8440  1.00264446 27458
NOAA 19                 
1 33591U 09005A   16170.50472382  .00000082  00000-0  69723-4 0  9992
2 33591  99.0399 127.2881 0013303 211.8769 148.1598 14.12081853379328
GOES 14                 
1 35491U 09033A   16169.55166796 -.00000088  00000-0  00000-0 0  9992
2 35491   0.2478  99.5181 0003744 100.3668 160.1036  1.00272994 25558
METEOR-M 1              
1 35865U 09049A   16170.49207611  .00000014  00000-0  25205-4 0  9997
2 35865  98.4556 201.7507 0003501 116.6808 243.4729 14.22070483350412
GOES 15                 
1 36411U 10008A   16169.63640997  .00000092  00000-0  00000+0 0  9991
2 36411   0.1835 101.4642 0001103 301.5404 317.0074  1.00267432 23073
COMS 1                  
1 36744U 10032A   16169.94545137 -.00000342  00000-0  00000-0 0  9991
2 36744   0.0223  56.3221 0001131  30.3829 288.4605  1.00273210 14467
FENGYUN 3B              
1 37214U 10059A   16170.44719643  .00000030  00000-0  37535-4 0  9995
2 37214  98.8444 125.0144 0018250  94.2629 266.0630 14.15816540291078
ELEKTRO-L 1 (GOMS 2)    
1 37344U 11001A   16169.89739896 -.00000095  00000-0  00000-0 0  9991
2 37344   1.7101  79.4011 0003697 240.0725 345.9618  1.00271165 19852
SUOMI NPP               
1 37849U 11061A   16170.18240284  .00000011  00000-0  25888-4 0  9991
2 37849  98.7213 108.3328 0001807  98.0743   5.2266 14.19553033240444
FENGYUN 2F              
1 38049U 12002A   16168.85624323 -.00000356  00000-0  00000+0 0  9998
2 38049   0.9835  75.4183 0002994 155.6136  94.6899  1.00262227 16262
METEOSAT-10 (MSG-3)     
1 38552U 12035B   16169.25978915  .00000003  00000-0  00000-0 0  9996
2 38552   0.7945  86.5445 0001511 165.7278 107.7131  1.00282781 14279
METOP-B                 
1 38771U 12049A   16169.94199627  .00000015  00000-0  26932-4 0  9994
2 38771  98.7297 229.1461 0001318 150.9143 332.0414 14.21488346194531
FENGYUN 3C              
1 39260U 13052A   16170.44195765  .00000005  00000-0  23057-4 0  9993
2 39260  98.6907 241.6697 0001015  58.6425 301.4853 14.19618250141774
METEOR-M 2              
1 40069U 14037A   16170.38824964 -.00000024  00000-0  93246-5 0  9999
2 40069  98.7061 225.6023 0005522 173.2523 186.8730 14.20631426100901
HIMAWARI 8              
1 40267U 14060A   16169.86885146 -.00000274  00000-0  00000-0 0  9993
2 40267   0.0411  80.2728 0000687  31.6309 248.1076  1.00271459  6145
FENGYUN 2G              
1 40367U 14090A   16169.87723338 -.00000322  00000-0  00000-0 0  9996
2 40367   1.1868 271.9237 0004030 284.2080 130.2720  1.00257930  5432
METEOSAT-11 (MSG-4)     
1 40732U 15034A   16169.98426715 -.00000026  00000-0  00000+0 0  9992
2 40732   2.5080 256.6142 0000731  84.4102 276.1810  1.00271841  3438
ELEKTRO-L 2             
1 41105U 15074A   16169.06229998 -.00000114  00000-0  00000+0 0  9992
2 41105   0.0872 284.9767 0001936 187.3151 253.7124  1.00273109  1905
